-22 0 1 0
-22 1 0.5 0
-22 2 1 0
-22 3 0.5 0
-22 4 0.5 0
-22 5 1 0
-22 6 0.5 0
-22 7 1 0
-22 8 0.5 0
-22 9 1 0
-22 10 0.5 0
-22 11 1 0
-22 12 0.5 0
-22 13 1 0
-22 14 0.5 0
-22 15 1 0
-22 16 0.5 0
-22 17 1 0
-22 18 0.5 0
-22 19 1 0
-22 20 0.5 0
-22 21 1 0
-22 22 0.5 0
-22 23 1 0
-22 24 0.5 0
-22 25 1 0
-22 26 0.5 0
-22 27 1 0
-21 27 0.5 0
-20 22 1 -1.57
-19 22 0.5 -1.57
-18 22 1 -1.57
-17 22 0.5 -1.57
-16 22 1 -1.57
-15 22 0.5 -1.57
-14 22 1 -1.57
-13 22 0.5 -1.57
-12 22 1 -1.57
-11 22 0.5 -1.57
-10 22 1 -1.57
-9 22 0.5 -1.57
-8 22 1 -1.57
-7 22 0.5 -1.57
-6 22 1 -1.57
-5 22 0.5 -1.57
-4 22 1 -1.57
-3 22 0.5 -1.57
-2 22 0 -1.57
-1 22 0 -1.57
-1 21 0 -1.57
-1 20 0 3.14
-1 19 0 3.14
-1 18 0 3.140
-1 17 0 3.14
-1 16 0 3.14
-1 15 0 3.14
-1 14 0 3.140
-1 13 0 3.140
-1 12 0 3.140
-1 11 0 3.140
